0 0
1 -1
2 1
3 -1
4 0
5 0
6 1
7 -1
8 1
9 -1
10 0
11 0
12 0
13 1
14 -1
15 0
16 1
17 0
18 -1
19 0
20 1
21 -1
22 0
23 0
24 0
25 0
26 1
27 0
28 0
29 0
30 -1
31 1
32 0
33 -1
34 1
35 0
36 0
37 -1
38 1
39 0
40 0
41 -1
42 1
43 -1
44 0
45 0
46 1
47 0
48 0
49 -1
50 1
51 -1
52 0
53 0
54 0
55 0
56 0
57 0
58 1
59 0
60 0
61 0
62 -1
63 1
64 0
65 -1
66 1
67 -1
68 1
69 0
70 -1
71 1
72 0
73 -1
74 1
75 -1
76 1
77 0
78 0
79 0
80 0
81 -1
82 1
83 0
84 -1
85 1
86 -1
87 1
88 -1
89 1
90 0
91 0
92 0
93 -1
94 1
95 0
96 -1
97 0
98 1
99 0
100 -1
101 1
102 0
103 0
