0 0
1 1
2 -1
3 1
4 0
5 0
6 -1
7 0
8 0
9 0
10 1
11 0
12 0
13 0
14 -1
15 1
16 0
17 -1
18 1
19 -1
20 0
21 0
22 1
23 -1
24 1
25 -1
26 0
27 0
28 0
29 1
30 -1
31 0
32 1
33 0
34 -1
35 0
36 1
37 -1
38 0
39 0
40 0
41 0
42 1
43 0
44 0
45 0
46 -1
47 1
48 0
49 -1
50 1
51 0
52 0
53 -1
54 1
55 -1
56 0
57 1
58 -1
59 1
60 0
61 0
62 -1
63 0
64 0
65 0
66 1
67 0
68 0
69 0
70 -1
71 1
72 0
73 -1
74 1
75 -1
76 1
77 -1
78 0
79 1
80 -1
81 1
82 0
83 0
84 0
85 -1
86 1
87 0
88 -1
89 0
90 1
91 0
92 -1
93 1
94 0
95 0
96 0
97 0
98 -1
99 0
100 0
101 0
102 1
103 -1
104 0
105 1
106 -1
107 1
108 0
109 -1
110 1
111 -1
112 0
113 1
114 -1
115 0
116 1
117 0
118 0
119 0
120 0
121 -1
122 1
123 -1
124 0
125 0
126 0
127 0
128 0
129 0
130 1
131 0
132 0
133 0
134 -1
135 1
136 0
137 -1
138 1
139 -1
140 1
141 0
142 -1
143 1
144 0
145 -1
146 1
147 -1
148 1
149 0
150 0
151 0
152 0
153 -1
154 1
155 0
156 -1
157 1
158 -1
159 1
160 -1
161 1
162 0
163 0
164 0
165 -1
166 1
167 0
168 -1
169 0
170 1
171 0
172 -1
173 1
174 0
175 0
